Alabama
30.46
-88.24
34.86
-85.03
Alaska
52.63
-168.75
69.31
-128.32
Arizona
32.26
-114.52
36.93
-109.07
Arkansas
33.34
-94.26
36.08
-89.91
California
33.66
-123.35
41.39
-118.70
Colorado
36.93
-109.07
40.89
-102.13
Connecticut
41.16
-73.74
41.95
-71.54
Delaware
38.49
-75.81
39.69
-75.01
Florida
23.18
-86.57
30.54
-79.80
Georgia
30.95
-84.95
34.86
-80.90
Hawaii
18.73
-160.25
22.56
-153.72
Idaho
42.08
-166.89
46.27
-113.33
Illinois
37.45
-90.61
42.24
-87.32
Indiana
37.91
-87.85
41.65
-84.90
Iowa
40.76
-96.06
43.18
-90.97
Kansas
37.17
-102.17
39.72
-94.97
Kentucky
36.51
-89.12
38.25
-82.31
Louisiana
29.17
-93.65
32.75
-89.78
Maine
43.01
-71.01
47.20
-67.32
Maryland
38.11
-78.66
39.41
-75.41
Massachusetts
41.59
-73.52
42.72
-70.13
Michigan
42.08
-86.97
45.44
-82.35
Minnesota
43.50
-96.37
48.06
-90.48
Mississippi
31.03
-91.36
34.83
-88.29
Missouri
36.61
-94.61
39.82
-90.62
Montana
45.63
-114.08
48.88
-104.24
Nebraska
40.63
-102.83
42.57
-96.77
Nevada
37.17
-118.83
41.85
-114.39
New Hampshire
42.88
-72.47
45.28
-70.97
New Jersey
39.07
-75.67
41.16
-73.74
New Mexico
31.93
-108.85
36.89
-103.10
New York
41.65
-79.67
44.91
-73.39
North Carolina
34.61
-83.58
36.40
-75.28
North Dakota
45.99
-104.06
48.88
-97.25
Ohio
38.63
-84.77
42.18
-80.55
Oklahoma
34.36
-99.89
36.89
-94.66
Oregon
42.21
-124.32
45.81
-116.94
Pennsylvania
39.82
-80.46
42.11
-74.79
Rhode Island
41.09
-71.80
41.85
-71.01
South Carolina
32.15
-82.22
34.79
-78.13
South Dakota
43.05
-104.06
45.84
-96.68
Tennessee
35.01
-90.18
36.43
-82.71
Texas
26.84
-103.23
34.32
-94.48
Utah
37.03
-113.91
41.32
-109.69
Vermont
42.79
-73.43
44.85
-71.54
Virginia
36.58
-83.10
38.80
-75.06
Washington
46.17
-123.93
48.90
-117.11
West Virginia
37.28
-82.75
39.65
-78.35
Wisconsin
42.63
-91.63
45.93
-86.70
Wyoming
41.12
-111.01
44.98
-104.19
